542495 548887 158911 844481 470199 144292
391351 891386 189208 730728 240188 159324
852497 512649 141376 -12696 74338 149983
-18776 817843 159951 890513 514315 127646
546928 533647 112501 797716 272730 199599
586357 844981 151550 1019625 433430 157389
637906 547396 145700 725062 493685 135747
639851 669725 160538 664306 327229 165555
899126 681247 140618 1011477 369655 161672
554214 758515 138488 857351 392538 102404
591536 621441 196842 823133 500003 118226
908377 590676 117588 672261 204576 153175
371328 771070 138483 947627 -22644 101525
820908 508647 116073 821597 382454 129709
936313 477487 131805 762346 171144 163095
395974 833483 156283 770979 386160 130143
926718 936723 136253 687739 369701 181651
933242 543022 166876 666721 301910 163150
773698 638049 119586 350967 427028 107099
667887 710656 199506 789727 487509 113516
530387 760027 131395 304644 450299 125323
621552 723152 198495 553085 282924 161085
584161 710744 152467 848103 554692 183619
425603 787822 159226 765128 402424 177760
484127 760304 116086 740029 451348 104616
1059497 519205 168966 534656 539778 179828
473182 511047 145047 784624 339954 142987
562416 658843 141947 269495 492992 119955
655938 703318 141717 940062 22748 119689
340510 870419 185532 599279 353044 138927
855683 722287 111909 442228 79530 112097
538515 532842 156637 895302 412318 137639
20033 965454 147688 414350 389429 121703
456532 683606 115548 705354 399073 190016
45554 691841 159463 812432 405400 183820
651271 760779 195043 811751 321852 160679
924027 596377 162353 1000417 172939 159365
592188 676543 110657 688456 377679 183987
360691 627713 191600 562618 510310 182508
361844 1039046 170396 817533 327446 187967
142287 569204 117642 827316 358698 141239
611581 672009 167510 682589 292107 195954
639324 725661 194287 891581 335209 120636
27549 707359 146346 -19291 303016 125594
498088 609029 127582 571815 289257 180635
873120 962180 123721 828707 330822 120649
485802 563068 198093 961411 523618 141907
395766 892214 146414 697887 422159 169451
52597 685832 157395 712554 293737 168337
389181 561709 173781 770876 526869 155669
341196 566364 169824 755714 509972 177632
937152 568692 106845 1011505 405488 142039
350765 705482 186908 672631 444268 160704
769594 695167 194629 644326 329702 121915
658766 634475 100076 47818 187620 107629
403275 684955 123777 855014 399942 116160
967407 496321 139722 817106 408373 176597
85627 880134 169765 555099 140535 149411
688427 614403 168931 704265 409097 119165
653472 637442 140863 502056 360619 154757
203022 1050837 168477 878445 364545 148006
639957 743675 157200 616553 440510 161086
912914 684332 150691 484203 61453 148836
662955 791087 185752 495173 341228 195608
781117 717994 169165 859180 518670 123602
-10977 1000334 152657 486319 347509 146034
884747 634917 114779 755848 278961 104693
306603 498373 182839 626251 484709 163367
447229 582025 194385 787814 296444 191806
593667 743701 194917 644268 333967 116718
548136 668216 127665 1045442 308636 137352
974170 569390 139071 763928 323655 103457
550540 558344 129910 45045 293728 125944
488205 719239 159785 914027 110335 186280
-1364 842821 153478 823248 239916 178295
586662 652997 143053 520884 369705 175272
581518 718511 148585 579135 364330 152281
963843 747243 141401 1021632 489967 107516
500110 597216 182377 13539 331754 119095
60450 916663 174157 104816 381288 124034
503122 747177 151404 648274 378360 159726
943421 711813 131109 613774 461529 162546
48132 947101 105761 606360 459959 126150
554853 727691 114182 692069 384537 156819
1013880 696501 161268 11975 372674 127403
882152 612027 154889 891556 223352 157826
907895 511082 110256 742275 351819 182656
971161 604018 154176 505414 337569 110221
958267 636326 125054 561369 336609 173178
422220 621455 171660 879562 312256 128398
-28644 971117 117750 847133 264365 160114
507153 526809 144994 833351 488192 146454
381066 725104 135744 771936 277662 193149
433670 704831 130207 500407 136018 131611
522353 537040 119550 843829 537590 177150
887999 479186 170623 893856 453343 172467
1017181 519382 194392 801574 360971 129013
-47907 823194 152914 695372 427409 174797
257985 957999 143371 2148 221296 193526
151325 617177 179279 571378 412338 113526
468481 620818 142660 600456 370963 168268
937285 483118 151782 696260 444804 166968
513787 563364 130964 628799 243608 141881
480909 761199 186475 590972 421845 198275
527418 581614 174471 718360 365545 147312
961914 499352 104931 867264 7358 131253
985774 542433 171783 225576 518630 169747
740253 713243 179170 606453 336393 173986
-3706 815645 111042 639078 501470 107520
534081 627641 169187 1033359 341993 185230
441808 643155 195404 718425 342552 128555
874021 638637 154106 882286 466902 197473
371201 911490 168175 869488 497994 122449
373693 732081 102556 617062 364916 119858
879809 542459 193881 437275 238666 149048
61524 910466 143886 148979 511765 148498
814778 741101 107431 636390 252433 191568
343075 945127 131691 393128 412610 130005
643819 718608 121123 850383 343338 131628
473671 645437 124794 685256 469192 162534
484272 548476 102075 706217 398111 139465
871283 672392 193581 853511 472921 155765
608893 793359 191552 847872 379091 183713
697326 482972 102642 759195 414649 139335
487541 626249 152149 829615 511781 152374
639865 770007 118623 775105 462612 187964
993276 904497 186829 706099 311857 129477
129692 983100 121872 775493 513120 143566
590461 703556 155932 533373 285179 141564
940264 633557 104783 714409 370808 114091
1067615 583529 181543 613107 403161 137992
570566 670394 148209 259432 413468 148824
649808 655900 173280 872607 302376 124406
621101 667446 121984 889787 459730 161691
676243 595724 190790 486239 435277 180728
980300 587802 148046 826426 472846 162018
778743 708914 185632 404291 306878 155126
94447 770292 177478 691617 492280 176255
343233 648817 117747 731554 315650 187540
831650 888809 105196 827571 291748 111040
556577 515831 189096 277995 451697 174955
407971 777950 129891 803230 339837 195375
497116 490686 133283 741434 360400 116234
369444 752138 182674 251193 355500 105175
596610 716625 136656 751716 362542 130031
540673 544280 123909 427469 298692 187571
387613 812765 119154 896442 356406 157916
974574 516878 197468 839034 429310 141309
784162 877431 145572 673985 203901 109651
382331 644058 166277 860840 408098 103822
432732 723589 179066 568446 537294 126566
670247 594421 104816 872134 279717 198757
284941 719317 195663 986930 248188 100527
539449 859958 195451 73548 91607 188963
878917 610783 141766 191406 380020 188090
967991 539241 143966 700599 463824 146701
363129 822328 149313 512962 449606 199336
647494 991882 144623 629826 358549 135159
601698 654631 152683 485752 257076 180491
749483 865688 134594 607158 355054 139909
319348 788687 165778 719297 221377 108219
608340 759852 192070 813810 403279 160785
410351 658946 126485 869924 268793 154353
-17363 721481 110132 839700 486329 188785
652322 665307 155130 31555 -37794 147188
566486 734409 169467 761014 404243 138145
8831 732692 174742 417968 195540 177945
470146 709501 133111 407976 283012 171493
185844 984117 160803 798694 338684 190217
775123 859521 196205 924259 24034 109037
112914 992226 152790 563822 341749 115669
22494 625191 101610 801447 469334 138996
672806 680570 138668 830295 359752 162887
144921 947374 104753 661499 342913 183190
526866 566643 163864 884388 238058 160721
534627 713723 188846 594181 64084 113642
63835 1015513 197774 585005 171290 187941
63845 850084 144147 558662 162685 150936
470723 657722 147297 779938 475571 176499
169310 1037802 137595 586062 361105 167552
399076 632733 137589 824144 288112 135647
510299 691609 106178 675061 290454 124918
880722 893888 146767 851731 465981 126144
513260 669383 150880 357065 403091 137027
375654 908266 121056 -22645 381672 194993
393948 623216 112897 896999 262020 157691
414811 704638 187240 908524 226094 137801
1014826 550628 171536 860196 321322 141006
463355 676348 137185 751564 428417 147930
625472 647615 114577 637677 149651 156789
852390 579785 197656 691552 455586 168278
974246 540741 180275 832018 342695 108845
141474 781285 120015 771425 225605 194096
938951 588695 122304 739183 280636 192394
424144 599398 102946 498906 491286 188706
306980 780212 174125 688579 332710 107168
370397 657294 130555 557718 76310 188261
577675 612284 124182 755340 386438 151676
388638 617099 170969 526407 436876 122178
907504 525699 140742 642288 541252 169844
419825 817548 172484 772573 385289 139016
1013722 607469 185378 626441 255575 146405
342840 549409 110755 282689 487173 133916
579162 740061 180666 572217 254739 116888
980042 707622 112576 902948 520923 109874
498347 639616 126486 725049 269549 195943
130077 678956 168941 665313 320845 174494
519375 570523 197594 528537 155803 188052
551781 732530 155215 729455 236019 151549
960332 548423 103117 559582 -7002 180191
388958 696370 132686 720166 410347 125050
461110 661123 179679 665599 364778 180834
1020504 542667 129842 690733 361585 158432
821579 493283 189291 666267 446678 197229
525035 798305 179754 747524 307419 132092
871359 574563 195389 866348 265587 187404
552676 673988 150664 855050 476253 197514
13983 872310 129538 665092 403240 121084
321957 887874 122294 787504 224061 110204
536295 490653 175664 736595 401102 111504
621928 555291 141543 758597 454391 166138
542659 670352 120602 653685 546456 130185
371341 908891 190881 232096 369224 101845
164128 984922 108395 628949 389348 125631
950297 585879 115182 910959 420563 181870
174919 876272 149336 750242 323663 143247
437761 617255 164205 404981 352741 135029
585664 604557 104894 261557 394529 121459
569345 788065 146848 247558 365988 184487
682795 626620 173376 665224 373335 182324
934214 751687 189079 836170 290136 167986
309725 565544 120761 876159 492118 129621
637347 646854 150221 567669 65435 125674
539284 717309 123283 809982 390627 154759
417860 570110 159649 598313 369235 178846
413328 781151 150374 487845 398774 136712
223740 599962 199085 81052 256335 108865
919231 772709 116909 627529 447693 158082
901955 506033 102889 669890 299879 139922
1020153 783664 197693 380965 277754 144458
632665 702313 118380 941254 357339 187807
863746 569389 142136 643473 464924 137271
882696 516469 114711 615043 433878 139374
973254 581910 134292 828069 451606 141922
355823 917833 103755 965272 350468 174602
542604 789984 115975 897792 417229 130033
114394 737384 117218 228679 372024 115503
513760 492882 143830 735448 400122 114102
556695 694012 116407 669851 145530 169367
925695 495679 180418 823719 331294 193290
685470 653509 100097 350689 325541 133744
574955 652337 170678 79947 252007 166305
386518 840551 171743 617213 443363 115002
923737 655669 151030 802149 336998 102992
589245 767165 151698 431267 432270 192304
92538 984466 177646 694219 362314 123272
504879 545535 191390 36824 241087 101851
452831 627087 118233 904282 212072 101150
500704 765279 175608 884865 424424 122899
574915 573375 181694 1004539 269450 119673
783833 681404 154147 766578 380633 152910
52062 970939 185214 243813 462938 163891
476179 540637 130888 497420 346408 160204
566089 697970 151619 820452 223011 145778
527266 709265 141814 680624 340224 191467
516917 501810 159784 808718 335413 188845
530056 572661 100472 385068 271931 191143
944039 556050 150182 826905 214535 154850
575531 714438 127866 790820 246570 194278
576240 646625 136037 236070 431956 170552
1015310 533181 199123 713290 488914 106661
978828 512767 136661 622620 239022 106260
593566 495329 139456 874104 335901 160933
890810 558784 151993 808024 513412 152177
356973 712827 197632 230930 381636 162458
527166 765492 141874 338209 315467 185080
402867 656532 180839 748432 480471 135875
278690 972745 145558 872406 287660 145300
299276 472627 199344 655947 429917 111535
639210 714255 158367 786789 342638 159722
510294 730165 156348 17449 -26962 137195
-7303 844608 165378 681688 411397 149090
36042 639161 196120 655278 301307 162874
-36040 868699 101253 63877 335329 161509
386784 642648 106607 282081 492321 168967
475977 753617 150490 918573 547901 129494
809056 949903 120144 816397 347775 151714
635745 594843 135191 806549 511024 199413
18070 928073 184126 806712 459057 169365
842227 590981 155982 814627 433659 102895
440783 655009 105259 413787 342561 145358
736872 512133 173674 465692 250170 138111
482584 757405 143214 719871 306065 195088
540514 694083 136212 625333 489908 106520
506462 631407 192979 728338 557094 175814
640197 643773 192893 512738 375862 149076
453370 665211 147270 660132 364522 102803
626842 626639 166697 776626 358451 103253
893080 572081 135741 856383 235257 141826
250403 754295 187864 729119 409077 126678
542315 803219 143150 1018973 415852 192412
466990 817582 103761 318150 453650 145190
83697 729073 106520 865816 464763 136352
401891 682669 168849 378825 -49818 164382
622309 658445 194862 755174 461185 108645
8226 820722 169149 745119 349306 153599
-45400 932409 144519 786759 453894 150507
947644 618864 137234 894477 340592 107592
510939 639345 136957 719803 206365 128223
954408 1002214 123066 847511 504552 110178
549521 748845 121859 743815 501285 185923
271531 737864 143288 940678 367585 118267
860522 487566 110028 578974 -67424 168740
497873 603045 104324 740097 369879 185910
343786 822013 112898 470002 14779 130712
626640 686116 111916 696051 280191 155365
466769 550413 139360 709436 462759 147103
469016 774790 192585 690955 318597 155084
536210 682228 195951 456757 438139 185531
625646 686579 141772 525060 361698 114060
212185 716751 197156 796037 361634 121488
652959 697671 158467 956370 416662 118658
939289 491887 141936 835723 504133 187265
755728 809319 163589 681347 397237 118712
831739 691071 112756 -18070 12007 165811
894648 520061 121452 848089 467685 168290
398825 934696 194459 872816 444209 108937
436970 612269 113431 566872 380343 113665
548839 562730 189528 312522 480703 121803
521446 680337 117371 710501 206052 194996
591982 706953 164311 766331 370075 132815
199020 874378 193215 466122 465048 161881
444897 582899 100166 757852 259278 143779
52912 704282 155659 601801 308597 187953
560300 751886 101647 776989 305338 152113
567294 577155 161190 782299 491181 192605
406268 770877 193753 992824 403731 145416
-20963 1026133 176642 663003 547109 194747
379548 876203 104813 777391 449249 183258
1046179 615752 157472 180849 405924 151557
819244 956440 101602 793899 488766 139233
184258 984344 126500 643468 245809 188107
437238 549120 160476 756758 454982 115559
536521 724349 146833 361007 420054 136017
990571 548417 185506 777555 396045 166422
322110 605020 151812 -5788 326186 106290
658700 581219 121055 707677 362791 104160
253395 769994 171561 808003 380011 154654
868564 650107 181806 881729 349395 156569
137245 936870 149203 342888 501695 162325
968199 941102 153914 687751 502091 127237
998692 547299 138419 808144 414783 181941
937750 478380 163623 803088 416616 186162
710617 699726 141539 -53346 156829 136477
482927 635692 100103 563908 132008 188497
13049 800743 129014 654487 366681 191068
442486 541594 162082 695288 287037 135813
560792 589350 148181 797596 373493 114120
145601 856522 169721 662277 160122 122438
1042401 608892 157608 20970 284212 120840
910112 446309 188057 1011349 386969 176634
286313 690568 154059 671717 506056 117148
992537 513309 160282 807054 483759 161596
301182 754832 134238 710806 396864 155157
535790 578133 106048 827842 191140 196710
448937 519007 174094 668133 236673 128586
1023933 510840 188748 724385 387724 197166
521128 690402 101706 730156 380146 138486
958638 498708 199993 825298 366064 151393
669475 707504 115546 667626 252494 183327
56661 829026 116916 944011 351611 136576
988571 553062 106906 247672 426933 118326
328929 941585 132104 884380 499345 193351
249027 703278 191350 751656 331043 112560
583930 932503 135572 617148 293567 126335
44374 855066 108623 615551 399001 145439
239027 1019008 180834 613965 385371 160901
963370 663531 167338 815034 353672 111536
936251 627830 123576 475044 112747 163720
615198 766887 146798 1041597 244716 191550
525386 671652 183219 773174 252881 184757
576741 733403 191371 1055757 10349 180028
313182 941007 131020 846060 417440 152920
315398 759690 141756 712640 382532 126286
350050 717434 183457 406853 280266 135185
22489 1038783 150478 434797 488751 166488
323260 994187 187510 774692 350062 177101
259745 861794 114663 853267 402090 199382
507632 712339 138668 585978 333568 101318
420907 807101 145130 749598 445756 134620
799298 818550 118554 877503 268154 136780
315127 875787 121762 883399 419173 156455
445469 944888 130975 937374 261886 111555
453259 513206 148477 796460 437210 128551
379073 601934 175523 567733 441775 158577
905024 876752 173472 758869 323345 187218
806058 689931 128594 783152 411141 186538
441298 660014 172367 524337 226968 116144
226678 912327 164805 -39727 178636 115338
552660 660502 163423 795510 360237 198917
590554 605119 172029 621017 324521 188574
364414 1048072 194590 917281 492952 182594
550783 727237 170675 851340 37992 182141
396022 656187 131657 1044648 452751 190317
234838 712720 195935 692871 379891 147841
593970 846905 158797 1048332 280273 162637
233424 923402 148435 760424 292514 102490
512946 494712 171391 920223 246705 111633
107000 882418 115670 799910 423970 180681
949922 894569 124911 497360 366240 102957
423182 610559 173047 847935 325598 169066
676110 768134 184996 741797 266193 188508
796193 569426 170423 333834 360771 176507
498756 613209 109526 578947 404114 120001
797380 521365 187512 537023 99968 193068
290389 527168 132845 456205 276705 102932
950811 551880 122686 974487 243024 131384
479313 554363 146110 160654 477081 198577
921756 519842 109683 538384 357947 197339
893834 456844 178131 320623 251849 135008
491197 670094 189069 674353 414412 199607
758801 501063 137876 906452 194611 133596
173887 935912 155009 707038 377534 152739
17953 1031740 115097 794881 458331 113945
35522 809226 108638 451367 333136 115831
967081 549402 125782 608678 415081 162478
957332 489291 109358 735614 259295 191487
489638 690323 125467 203949 443106 149209
335422 954126 147841 743613 311044 190195
101335 716363 149066 830482 372796 149807
486996 633126 113935 907293 352465 121227
954319 467642 178654 629360 387042 166061
523050 742071 164426 568853 159665 105450
553850 686066 124198 704610 503866 143090
417606 547827 197686 571487 510541 147691
629418 667691 131163 863788 313313 177889
428371 532148 128887 710423 377589 136853
918564 597541 165889 563499 20737 117278
491475 562024 157360 661577 417893 187095
21284 810291 125724 690956 391372 197954
389574 834942 195189 651184 505802 154085
513891 479167 185978 642813 530749 177830
130453 910020 148217 847273 338063 143865
949144 664317 171748 536329 374478 194832
621130 916512 180231 300486 449794 151811
532837 616591 120614 554127 323282 137280
319833 693636 152830 527529 333840 138466
360937 1019715 132493 961773 504135 163598
305246 1046638 108253 826322 311771 183351
477908 561888 142896 801349 377292 180076
519286 719345 139921 943802 232152 103494
698959 646863 197490 865779 251821 107287
876811 550084 127630 360635 21191 192166
801957 653672 142528 666211 373007 188789
815719 790880 171711 617673 243001 125360
-45574 794573 187735 757755 270814 144890
-26190 655211 155253 801291 373195 101866
-35780 876840 178408 964399 -66466 183626
979683 900469 188846 1034853 278346 145903
1040164 599146 164774 776677 414367 108475
524510 559444 124141 852571 360890 185096
585331 707285 124113 579914 249826 195662
850093 624256 168429 836499 425482 166028
613362 987342 198149 447536 447960 109761
497666 538729 120162 323194 303942 153716
58429 699264 126919 340543 264953 111839
941930 503252 142251 642144 317729 100783
425340 494229 192406 735328 471171 155215
399773 830711 144822 881891 444374 108018
435938 984991 133851 704433 354404 176856
801413 882916 106136 763980 469051 199029
483773 625037 174336 266843 341353 163868
496814 678218 137721 600043 465914 191691
488997 524330 171663 851303 250737 155277
339108 465600 157474 817272 279196 151057
105918 961422 133864 726734 372347 133891
973631 540420 151301 612860 291551 108001
464921 558719 144420 -21685 93511 168738
818366 985058 146148 655785 360051 116582
379250 932333 139081 771206 481464 178908
946988 531329 165025 846237 260583 123356
479580 742312 152594 673818 401044 166953
887579 860104 154170 585690 274872 167179
316249 545819 169857 753403 389363 190127
-11915 930348 137744 791217 430032 128832
416668 627196 116511 703875 450952 111483
402851 638995 105975 755227 254249 158177
683018 676619 197201 1045883 484033 185479
472282 523423 164404 20025 352912 174410
381896 986142 109372 850937 471191 168014
879080 691686 130098 817858 392244 118695
953159 590250 164425 773197 302340 108115
966559 634644 102827 825231 212981 104961
604572 640293 113781 192918 372443 125707
222534 529284 195929 434247 355061 126237
589107 836219 179332 863953 285206 148386
498509 704798 186560 839464 406558 137915
396199 551200 169122 689149 336924 143111
601642 917107 134348 596661 420718 119352
933115 753783 185964 657687 137228 149573
94585 1033032 164408 640222 383864 152498
516383 578765 124769 661880 198500 160749
453105 908245 109325 749906 204687 114826
9440 677907 194682 659215 416461 109889
393190 764151 113240 645016 490594 196066
896363 501458 159230 652812 230147 196744
236782 827686 188424 738894 251310 162156
492819 722479 190849 1048489 382751 142751
119413 911671 140248 431621 445618 152002
365478 533607 138769 548734 413326 189164
313714 707087 100253 617110 413123 127654
984778 580050 122560 358558 460937 177219
-14408 890867 154002 552838 254834 185246
671281 913719 152011 1001052 366329 143426
559354 577830 130450 318184 288234 164834
62089 626283 107296 404190 338830 140937
372823 804156 165196 518030 354926 110604
193482 802596 101254 808241 473802 125842
195456 758473 133499 645620 475167 118705
1019649 626265 157924 807372 331361 158012
433805 744747 144856 678373 351246 197192
568518 561211 129501 689616 249084 198975
518786 633546 175259 776353 254248 160428
985125 568324 171010 420417 456229 173681
536659 565788 158575 345664 424049 177906
732315 954522 117219 1056002 237359 173607
916836 662361 129855 298484 422278 166057
536382 847801 136980 877281 265914 165640
594482 687357 118591 773344 356358 192901
919181 504155 156660 478939 85209 132349
195629 762141 104443 885439 291925 162710
184901 871405 180039 801606 198462 127769
1037216 578450 147282 795269 381316 121800
524320 834093 100418 480663 141137 109542
830813 972649 114906 690760 314944 114161
519862 620614 163655 703444 269710 179264
538972 547366 128134 875777 450685 113533
438142 628078 127185 771736 322588 145917
936802 601232 153970 443626 404499 181471
293604 953636 190799 940904 366452 194970
993031 573926 123342 772402 383429 109640
46956 970309 171227 577726 538163 140221
972732 513098 110791 474489 533580 174030
349982 624191 100050 287600 489602 162385
402702 588181 177525 790741 317954 159641
550590 712090 111748 790363 166740 189358
541915 720419 116384 873583 339767 169908
908917 664099 139524 408228 231714 165747
436925 987982 121390 801911 222534 149845
473847 681590 166883 939205 6082 120728
607427 745965 173410 491386 305802 124537
610418 752520 123652 698868 497178 123188
566747 637165 109266 317684 450941 110897
448404 699939 173362 915887 420256 140286
48138 1015286 117374 858496 243117 138286
637047 645631 111190 825889 329981 189930
-31035 634795 158161 850544 390591 168748
421911 549436 154264 783412 189918 143586
820049 793190 182516 777558 362984 113625
425439 654482 130902 770101 457620 114899
808911 1010662 186325 579009 285629 149702
583220 613388 108267 691778 254621 181753
413432 799932 154361 280918 336964 192984
572212 510541 108908 617968 396780 155640
154274 1008378 106938 701647 402173 104243
453370 619915 155912 783025 196366 123342
236911 662019 161687 679065 411997 101597
131794 907100 180521 768274 269751 131824
624912 718185 169028 937423 235226 190711
411690 836183 191701 392703 416455 173465
646071 537989 140500 442929 453827 195209
505519 627606 105346 832023 309364 165229
294743 969057 145462 659712 379000 139898
957079 637778 147698 835952 177535 193353
425621 832612 156061 405018 379368 124386
891004 575732 127844 473330 551439 176729
936585 579764 125235 605347 459129 168486
600370 654852 114582 787097 190514 109652
575072 566042 170514 774058 294386 193633
612820 681116 151648 262642 485914 123213
984491 548830 126103 860376 461182 116791
83074 747913 104238 1043678 401042 156770
464833 594550 164303 389816 306517 145016
109373 650909 199071 754200 401517 188134
879030 686267 130054 365630 333529 102214
326065 685955 132427 936309 450048 138268
831519 1005365 146218 431887 350488 139960
509124 643416 194962 343002 413593 186256
582472 727953 187462 518512 475762 183036
-11123 781583 164053 884255 471788 129717
938953 528100 104209 764289 385922 156179
998213 560710 157236 674892 393962 105348
409828 959636 119254 895520 178588 182140
553317 945508 119006 354863 437943 127666
247578 739067 111415 778834 375699 114724
626903 473086 184762 715468 225139 121982
517461 568146 155449 627490 521980 134487
-40833 798122 132255 716273 406344 100780
72321 875542 146041 957712 29189 170071
350583 527131 106167 896934 450355 167062
20371 951374 170660 921660 435863 157230
331198 818894 162807 950999 291658 175367
536777 622948 156087 814982 522409 183108
958532 513355 100512 848726 208614 193014
1005608 492392 160415 24147 314729 198647
1045395 663156 135423 850527 297407 178695
554244 491277 137344 696620 395462 111466
375173 658156 124985 674726 443235 163512
420669 905587 145156 519484 560128 166085
599892 753281 106415 816678 447768 109616
412227 932155 187115 868392 265333 119087
37463 647671 156609 983282 195546 140463
603458 662270 102866 762285 389351 168311
-42789 931010 166024 898055 447312 177544
967478 550192 126605 392950 16511 167638
968106 618246 144405 645411 523959 153321
384057 934135 110928 661037 466008 189398
431772 617324 115106 748952 392175 116598
547767 973051 172050 789862 246971 175356
358809 735586 150809 578575 511817 118232
914570 747434 155621 751146 353270 157765
53219 927440 118882 512921 414306 151645
510562 458909 138688 606621 289921 136233
657661 578124 116611 821071 444875 199832
680593 691974 172049 802781 235840 124405
412363 609248 100294 532139 2716 178457
99611 789559 142535 813477 401684 182119
885814 890671 122573 809270 446717 117444
478857 831206 163807 630283 416877 181416
573451 613213 192678 771873 477467 120193
473770 910515 167234 371994 328886 194963
354450 655855 188035 801128 464742 142537
498503 691535 151345 700004 387045 143086
871914 539098 158255 940259 268149 177478
958909 528121 150800 456483 284808 133273
973953 461215 176180 150184 432341 194261
252640 672252 196781 782565 247244 185135
286407 843273 160819 565512 403668 199774
655927 537963 191003 600786 244102 170880
142117 639384 168022 989589 505083 184547
333773 770041 165266 964494 -18207 109294
314708 842662 115287 848623 344273 150559
163309 920803 148930 740168 492044 103809
440340 541859 111280 710814 180306 108933
870953 520564 157253 709251 359602 102220
624051 623818 196864 760128 367125 138777
311409 813040 154039 659688 427621 182353
575975 577477 151386 367361 285639 168587
329841 597551 162265 974519 232816 167221
421050 921396 150601 1036651 -30345 178659
443264 612400 118578 289610 471338 136109
837553 682510 115953 677020 440124 155786
929248 538578 196712 784332 392251 195169
590826 882338 179505 547372 141979 129437
785798 618983 133092 939276 205924 168738
885117 558853 109186 649545 387538 145031
386248 810356 121995 491567 358740 186653
495951 723595 167190 954511 392409 153625
41901 962261 124265 768394 259586 138623
508256 629104 144357 763561 321305 104283
645879 570855 139276 752850 416217 150247
409639 886015 128207 404084 421565 162941
400869 935061 162108 310256 471836 146728
496765 585658 143764 737776 442125 165797
425289 825188 113685 939528 355403 147744
553953 817774 182142 779414 220038 198222
413500 811821 113422 917281 337735 148391
522801 538146 134144 711715 452437 103650
-630 908207 156888 666273 472110 111917
-13087 679100 139330 222810 340667 194861
410266 744754 184390 812271 338602 145687
1025234 620598 113043 705812 329844 126054
480929 917476 172064 998282 419975 155290
932322 660436 186356 926176 479916 187440
596545 489922 152131 852760 483156 120401
522374 607147 155121 860830 279513 115853
438429 692642 176373 711299 409635 144382
979582 528070 124466 828182 456130 192006
346254 724454 175600 637460 155621 108985
355989 842947 113229 477997 119996 114252
646594 820476 101795 501205 215010 126338
908140 581080 124496 613459 418000 171056
806465 656745 115878 729615 325514 139668
349132 657844 154616 768491 338107 189492
502527 604294 175340 616015 269929 171906
556535 507219 195500 782823 280380 102941
915584 669901 135670 636647 219729 147951
439181 895087 186988 450989 341581 122844
945049 633424 118117 819471 426708 154238
667276 686556 146814 841056 358096 105951
532372 616647 109756 785833 386414 179493
564925 515911 134945 585549 131525 107341
302763 953908 123972 747812 337807 168801
549553 507740 152156 750177 291939 132985
428778 551551 110411 659778 409937 155987
830028 574418 164427 951889 501949 163281
910724 950912 146841 751017 356289 197149
190844 854525 149294 520047 396807 133461
788770 896935 161425 913297 507709 185029
373991 840348 167493 636352 515073 180348
509070 567333 191660 347528 306251 184553
333842 752756 157359 584727 246230 179948
479787 804006 183701 677548 410139 173661
561731 652135 184680 291299 427063 189326
776839 559339 117532 902335 315290 127355
353919 605586 136910 953043 429732 153637
99806 1026478 144378 741328 385183 184994
571182 947288 142803 699295 174189 147388
421496 613060 187113 803280 361568 154348
60183 559482 172294 57650 140730 174066
1014352 504030 178207 880658 201633 181215
378643 899660 142332 526731 262397 185684
493954 580322 146967 769968 477990 160602
145789 615503 141441 327176 245610 160638
398949 926916 171212 746050 497776 126352
610390 605641 105760 705651 395394 162606
633147 693341 123388 921427 330031 185123
31688 578397 178955 672483 344371 195864
620789 937914 198012 928684 245524 129630
463572 513406 132740 609063 25124 114183
871966 595929 145008 719713 291095 144716
454808 528396 192766 633865 353651 180619
909412 518530 102019 840561 360183 178812
589038 658723 146565 759639 418562 179048
-11573 799166 170254 440424 169680 145323
755090 948462 131386 644710 400940 111164
757337 730774 175465 614078 350409 188779
471983 512254 197338 332186 417711 172460
158191 814405 109935 798035 423525 134866
254985 526126 155639 447488 385182 132788
857117 516956 135124 1036774 526735 191637
458048 962217 120696 545237 186883 187467
393801 710642 124336 730027 280384 182528
271460 1063534 187702 639141 361949 162438
493845 727513 194559 588387 798 189977
925497 587041 137492 429609 277518 177682
-12375 948664 169929 452659 369994 128926
779534 602479 187513 790733 365418 190936
846053 493936 176575 595024 326379 136611
859098 462364 190104 600329 143412 178789
101274 539580 163938 522872 284138 131628
79778 1033382 162657 788353 368873 181728
655852 784223 173061 744050 233928 134158
286988 885815 181065 48957 324251 180617
338010 579560 111614 893871 255630 169106
441482 608071 143403 663835 411325 147184
577003 751461 146031 603164 97499 179315
569102 690295 155787 636111 302912 126377
879048 543666 188335 126933 398863 187475
937928 498242 104884 669227 489715 185536
531593 817967 174978 546796 144893 123402
653972 835726 125948 644798 266552 128498
407721 829777 168559 470288 300302 143876
602073 608275 198849 683359 364750 139454
471602 713206 165216 781226 223623 146078
506596 546680 180267 873378 366024 168754
919401 603298 113408 715746 355393 133513
494914 616281 110488 879440 164548 153372
564768 1016660 143478 632393 517854 124709
575285 672733 138061 806156 391617 112853
101764 695022 188353 575356 532174 107269
479279 678682 164810 697125 413358 157681
-39139 832760 137409 611656 385482 142102
923455 503348 110547 453005 508099 110798
745838 782863 110266 560120 529920 149628
128019 1006106 145823 877480 429303 109583
54191 892199 164455 618414 266401 123889
763098 672589 166486 774659 402374 152166
407950 579792 133040 484048 241443 166871
1029740 515903 164601 796449 283346 108553
125053 876259 123661 713551 333559 132087
424660 628166 178967 562344 412550 119141
499898 946472 134894 388611 443898 171277
433534 1040221 109096 628327 487099 124843
54951 782903 185565 419916 303273 103060
561485 600568 171066 745830 430798 150580
314924 717418 181383 369951 370710 186051
658685 734699 187963 958915 163193 138108
286382 989484 181397 823260 324362 107183
-21191 975635 148427 869365 450808 106448
980659 513294 121813 685682 367754 152511
865310 593377 184448 754706 426490 105917
123483 874010 139254 849228 401863 195625
564105 736519 117723 1004767 412466 138758
1018104 531305 179798 808016 357465 141140
82674 961707 160481 684921 409276 163415
7524 896018 168205 690279 389802 193776
867009 689226 172883 7304 322549 126894
968754 551737 145452 681122 183877 102449
563070 770745 156707 754948 462250 164957
529471 700733 163785 819812 378304 197964
490731 799164 198149 931067 445755 179320
986793 544298 174278 757991 407437 199492
770837 872060 126916 173597 490910 143816
727124 911474 120773 587734 541242 115268
-11643 844610 184292 824382 480535 106631
937416 534511 187121 652883 361062 153982
578286 853743 140130 733965 405285 164665
942497 595904 124512 657736 488485 130093
535521 626740 182764 472618 331039 196713
977284 547870 103263 778066 482871 121605
544686 770872 159349 736383 342365 121716
442757 1000997 100495 669044 420193 126281
477175 941765 151183 709100 488176 155485
-20839 683637 145372 774151 476327 121864
208929 649068 123135 795118 308891 136231
581266 699763 186793 715123 497932 118375
438037 887944 193182 699868 451775 129305
533109 611704 198567 742903 452949 100515
204426 771697 142561 371540 445498 120937
837322 548894 191873 587369 242015 171880
1016247 580211 190865 777180 451189 181237
958629 598487 133752 643521 308587 151928
567397 689542 168377 608020 252330 165294
331315 675714 160846 656206 441823 182127
547512 568647 172914 793264 445656 106780
152907 588241 106825 228126 391887 144469
449808 689164 181962 891743 326429 192165
33756 899741 150492 820207 178576 183704
999410 481485 161432 991695 188128 197267
653144 844987 154958 790314 324989 120914
651823 669325 107635 797292 423111 103142
894610 562888 106418 765352 284957 185242
501993 690631 168011 756648 375320 159162
481733 717235 146192 612909 488685 158446
139855 624188 109552 655841 242948 186131
509102 623931 198122 631256 298641 107382
390133 989179 193567 779729 410986 162051
395113 973396 114933 726166 443460 185647
593110 670114 109513 803865 387272 181594
481151 669115 112381 881916 445415 164075
873018 501686 152777 13245 320889 152873
985215 655672 170176 813484 238402 175071
837570 877513 139147 788993 282755 188600
320201 803823 159716 830349 413690 116539
498745 667664 103593 502162 368093 173326
279424 1043486 199546 725948 381919 142842
432864 774556 191760 568184 267612 134148
851151 596765 130270 256949 461155 117995
225291 808881 143563 644819 481949 170593
435674 549077 124910 1014780 375041 130451
549774 484766 156598 809994 392200 169754
880996 559472 121480 614505 356516 181499
371606 753302 102177 857587 419938 148492
-15572 680148 169323 889533 485989 119868
533723 624256 166522 485612 415159 176935
516289 563834 107627 637697 377619 140445
205642 967459 141006 320191 459223 114372
218402 777848 122526 255097 280120 153938
461836 597740 100529 378804 389377 193468
753172 933136 151167 698095 268615 165194
-36380 710521 137792 776908 536723 134977
537131 632029 100705 710807 266176 120858
583101 756129 175303 395733 368886 188562
992195 517910 118147 706468 340099 116851
512936 668996 118371 258766 449253 131540
970442 558307 186685 813023 217440 154904
894930 579314 103276 556875 404733 140198
534243 567747 153043 695485 318476 146648
-65184 809848 197217 717321 258541 115920
575584 518312 141055 874652 261560 179529
527943 617416 183716 1018343 294930 158561
-40058 788581 177599 912292 386796 133007
322405 816708 111926 713690 382314 159475
771113 865313 174149 268639 316674 114598
922593 499747 139743 275981 344381 135959
591866 687553 145013 662176 319137 187946
219563 988751 167712 889384 312941 156537
517441 535001 153561 850399 262177 187075
301335 713452 103770 721023 178056 159946
465371 623930 188260 702093 219005 116396
726549 659136 144780 608084 5764 103361
407413 639017 122491 808017 192074 148889
860469 865787 129762 842411 381728 184003
374658 1022466 124320 968388 527274 173899
488899 615097 102867 284771 387298 116662
779786 899767 126652 646243 277929 101315
59127 1024459 121249 410377 273009 143771
37858 892263 126243 639481 287579 145618
569374 855966 151237 927216 104149 116663
562492 770888 112325 785045 470875 101961
988052 580166 159555 -2585 265031 129749
482811 694039 121880 638482 318684 134959
946003 625486 135734 795047 188096 180358
147394 951489 154500 535265 66004 113768
348252 814049 185072 743658 439525 196939
65644 747021 118422 890012 313483 116676
423438 774209 166969 524941 477173 177475
398910 931000 137368 932279 203339 188344
991269 576485 174450 168117 417672 147146
594271 661423 106235 445942 88145 162884
166870 864707 187568 600348 441381 122558
495517 767657 178055 614411 312932 195570
561812 721198 106542 851036 405148 184312
865783 588336 129586 728566 443821 148968
57204 891668 156645 427618 -6839 133588
543154 677936 104144 264946 338793 149333
523808 671055 169703 862915 412992 185389
878358 516738 158180 468370 162502 150397
519768 553390 112290 662549 518958 155927
386194 744889 133321 812647 182242 187340
542154 495745 183956 918201 211172 177185
163481 746367 116711 753268 362858 189516
602068 991745 159847 751474 478629 134633
468325 587713 172528 452890 395498 199627
533529 650382 117262 489284 229569 107899
446202 688645 155098 575964 296158 191442
918504 601846 146767 546839 557276 193162
545254 582073 151849 206248 355556 117030
403791 1026584 160263 778914 447769 105824
1002006 650677 139735 751845 452106 163689
889999 456458 174143 837639 473738 104225
316404 954582 133950 833171 439927 116371
469338 649415 180100 907326 469975 158442
262520 659420 115991 845639 208487 160199
87457 643743 157537 634475 536754 199387
561283 652527 100701 477993 422145 174560
357086 746250 107312 375444 429726 158023
158077 959271 131000 490811 225125 151191
943233 534266 116682 585824 479869 153146
483602 949528 147292 640939 504612 163787
984232 661795 105906 490525 14357 141389
866583 716765 177713 885954 499389 100062
538642 674142 160749 451663 133780 157385
504166 651807 184225 421878 169489 152463
572547 498432 196177 669131 245452 181561
715640 956850 154796 975844 493004 167072
-520 926684 153261 580555 351077 112798
653291 500107 116141 588613 460493 137849
979672 645238 108933 717332 470277 178661
902996 588212 174441 608118 62885 142983
562372 625804 152516 904710 505356 193689
951189 590119 197155 680342 312403 193580
407669 499242 169812 506477 353024 118587
513435 561686 140452 746593 325506 123018
564337 620408 104117 748270 433046 134807
827171 961143 140355 605268 380147 180092
196549 864248 110043 561416 264543 196495
585160 528010 144413 868222 463780 173988
1036193 601018 149737 907204 447227 153696
469133 655395 127306 762403 452518 120271
850245 479808 165795 694164 458259 172107
749227 663997 180613 879415 532952 187689
875648 627945 192410 480027 251023 131641
421354 510357 189992 840928 344408 118215
825503 652369 196521 703919 169235 157077
616361 491524 108471 146168 494147 146381
187276 787137 121109 446780 73033 111247
479870 647889 116291 307640 482493 137324
625452 486543 161831 708224 321154 183923
-18478 912441 175328 774831 426514 183646
870676 663084 185826 750507 436781 115735
491040 706083 132361 677112 453418 178621
263868 880600 112479 828650 458966 149967
504772 799103 134518 900671 498642 143899
288919 857506 167562 860527 240840 128321
435804 649784 156888 899049 448008 110223
935532 524656 100011 754144 380457 158716
160625 594994 159251 902097 299578 152168
453118 622921 142338 920282 468274 124115
776823 548824 174873 742508 374139 140167
281617 837187 198442 729120 277098 190671
897338 507508 141408 536717 -30054 142326
482959 968677 162610 813146 343497 163568
548871 669447 174676 32546 -46103 198855
615401 759068 141067 289383 340349 116539
1041377 612230 155584 418299 296147 107732
212199 1022820 117568 892826 411944 153325
508778 577874 192425 518110 392660 104872
654527 577702 103229 577119 111613 173062
487970 741100 156270 736859 296340 164440
513867 898062 173843 805646 375511 174339
456674 608691 129760 633769 383046 104022
572768 589318 155879 695120 324383 145546
596292 797533 183328 1035547 -17797 166610
566074 649056 145744 273027 411756 102222
824449 546701 100079 123863 442170 114074
1024775 679475 132197 545809 457863 110429
770197 500488 146648 708113 398765 167186
939977 550484 149662 583481 384592 184978
574739 829951 171281 773965 237800 121560
807576 702848 190441 30554 306319 189673
295768 1001930 190785 735796 490257 104184
206278 839428 109998 739330 284375 195906
262759 734164 173584 956136 353031 159283
502772 602905 183047 829476 272429 134853
945956 621110 165095 429164 191188 127045
401604 634992 153514 365104 387943 184860
755620 1081993 198620 520405 382055 144450
706786 625190 128642 279760 271681 120539
430536 637020 124575 600970 232682 154636
49402 969314 164410 732798 460756 183948
295927 902497 144291 846568 168950 140447
1041175 639982 197824 748193 233858 199435
426354 638838 105903 102157 413770 132648
330460 583487 176432 952517 261726 148406
575700 590390 196684 550172 34191 155495
604438 636169 184551 889347 239960 198078
105042 897564 129686 34073 316142 190399
684901 523644 193123 562083 410268 185421
